$ANSIBLE_VAULT;1.1;AES256
32303064656534343930323764643433323863366265343035396531383736653330363230636532
3565633865333862383866363562323635613538336265330a326432303035336630326439306335
30303834656161636266613938356138613161643032306232646137653764343837303266623663
3066616639363936620a323637393237626435613137393534303066363936336236326165393766
39633038613734323231323065643435613238313330653337643565336261386234623163623739
66613333383537316462323838303032666131393362313734343864333966323233363861393162
32396331393334366236333266643764386263626137653436343162623533663837303766356639
37616631613065393663336461306266663933316165626635643130343830353962356461643861
32326465616635353864663265336666396561653366386164623935653165336431323030613633
30343965373334376365366534346161333533383737656531353363643032666439643332333730
38623465616337356665666338396264343731616236333932383034633663396362333936363061
39346430383066396262626364383361643363306136393435323466666563336134333032333530
65333865323238343065616564623865646138656539646461396166643939623735346362396135
35346436333565363130393766346263313866336535663131633262666332366139316536373438
35366135653062633436323136333762616465333662383831613238316563376138333930306565
34643861333166306462636366656439633838353830346634623165643330326261393261656339
62623230346139373833336134333133353664393635333465313563343336656462623835383833
66623631303335313437336361393235353931646334373461376466323763396261366334373136
30383861356362376364373961306239666164343131303664313161666261363839343130386362
34613136336333323163366362363139316337343136366663353264613339353239643937626363
38373533646531326539643362316462636439386165626663623063376639343033353337303735
33616561653237643130646433303832306436653565663962633336363931376663323333323861
64393164616661613665613831353863313230383564646631346162613561356137376232346261
32373737613266333537333230323834656564346365356466633137363764393534363238306339
32313037373865633766623163616536633338623830333134393830336532376635366161643236
63343434323534363162633631623939643964613339616431373036373966333833656162353834
32616630626532326463373036636431643632663763363635643830373938323231366632306466
39636238613663373833613365373233303433313036333939333138616132663130663963346536
31633563653730373932633363396639383531353432306264613864396438316339643436653138
38313762363638363236363665666638303237663832326437613532666134383938306163343934
66306236353037323239396365643930643863616636393636646131373430666532643762333932
30636361663266626439333065343237396532353036373764346339386539386136353630376134
61316161373338316132396463383834373133393837303562633066343138303630633331316134
62373235376162373266396437343366343330623036653638623062323831623564373161656161
30633962623264633935356534386639316261303132346136653262386236316532386337353638
65663131353830613232323335666533376138353962323132333937643865653634383462316262
39303264313536626132333566383132373161633933373433373236303561363861363733373635
62323432326531316132316430313462653964323137636138366633666436383837333264393838
66626530303735326464646331313833386535303732383862656437623666313533356263613436
63303236623533316164643662653066333966666337343239646532396664363837396563353563
36363734636166613139353963313438326364633235626162363738396164373932663664633865
32623038363436373834653062666337303339656264383030616233376265653138633439373265
33393434613062356336636362343365663064313730373761643032316235643032653734386638
37666362313065306433303163346535383862386166396635613436373634323463393937616335
65636663333331386138663131623634343638616335623934656637386132366663663737336362
31616463396564386333306266623537633366386464383231383266636431323566633366326636
61366532616364393237306338333731653031383532306364353665333638363634316466313333
32363964323130383131653937343732393030653638636662323337663237653332366436366563
3933
