$ANSIBLE_VAULT;1.1;AES256
34396564616563626534613330653637323262376265626663323638663231396537633464623433
6563646162316438376663326361356563326138666438640a353630386233636266323963303365
37363532346536343232393632303130613064313333663666643736366665353165653538313934
3435616166643232630a383938623433613966356661336433653130366138313964623866383966
33306130353034653062373236306638323130366631373435383035643233643639343434376564
35666238633334323738393433616662643831316132393464666661323037643634653365353834
35646163353533623164666337616561633631656535353061616565313931323665326235303038
33643961656139323736306136316635623361396532613033306133616466663738613235343432
63363136343562663664646361346238663761366638303063393261663564356438663439333531
31633462336166313330653333303030373636386661386137373136356539363731373164373333
38346162646639626537636665313864326238366333663439376431366433633535353730306536
63303637373330356330366532346231393861376634326433653162333833616266363533346665
34326461333738646266316139656161636539373463333436353062343537393538343265333163
62346163666164343564353737333033663939353830356235366564636339653164363261363062
31396131333533343962323063613330393039623262383533313836326637666135376465306335
30646438336566356538396461633933623533316432323865623535653733333436336166313065
31373738613833653164633234343566306337646263616663313835313265306338636432363164
61323230303031316238373535393738643564333037326431623334393866636236373139346161
39376230373833343531383365336434333461366266363132303665343337326337626638313864
31326366653133363336
