$ANSIBLE_VAULT;1.1;AES256
30353566343361633466616165323863333161363534333031633231653137613837313638396536
3434343336346265316238323133306136346238653937370a383135616432666539613838366333
37636461613332356364623531353766643431616234303239366665353530343534386466623937
3932383761353766610a323430623733396462613965663437653830303837656632366364663464
39623363626234613033613066313436633531653734353361383038396364326639343930353661
32623334313964303361383162316439383863326538346665336338396235626238623762393034
30303238343065376438663962643434373666373862393136613938656636623661616331333531
32376565383230636361663837373334643261646566346430383730623039313162613666303432
64663565386336616361326534386164633935333362373963653162663339326638636230306238
63643362303937336633656338366437303664633530353662656365373730383731333036356238
61393063356334623266376662623461393766336633366566326132303939386436323763393139
30386135386461386263306665343135633032386434313735303232653261396437356438643036
34633335383737646462633064393732616237346564643265613231633262303365663737363062
61336262336233306634343738343861396339623837613235363236323937336530636162333263
65616562633733633063633833633732353664623835653633306663663065316539316539333965
63343231326666656632383363653466643438333436343166636132663265633737623065303864
64623634353735353237363866633633626566333365323538303061383263323764
