$ANSIBLE_VAULT;1.1;AES256
38623435623336656637333564623531663437356630313333656233376132303839303735333537
3564383764313966626639633265353234316533623934340a346664626137326231353833303661
36666261336231653632343664616333633331643139306165303630656634633263336135663534
3266353832326338640a636135356461383430343237353630653261353834323565323561656432
63333733643730303763353731653734393937643336623762633934363432396265643436353566
38613935636461656336323865303133383839616366323935373339643134323765613865306361
35623437636534313463343834303530313337363537376631393862323866313733366138366437
65636530643138633435316333626336333436656538303863313039376631666661386264646534
31623638333730343435336535363835646533636466623563316162663534363066316232326263
34386235363533666131386532346162303166663739633336336630346639623933366532306162
34633837393832393763626631326632366131363437373564643666333534653434336461356238
34646437386364613734333638353439616330313262353662313633396234653130336434353164
33313534623237616531313035313366643736646365383335643461333633326563396163333535
34303737343131346566393630336435333762303439376561663165336239343264623262333238
62346532656538323035383761623365636538306430303061373166656333646633326234346233
61383361333034623337623831646331323465343430636466306336373234333164343231323533
65393930313832653164383566323563653036346236613564306332343762313537646432326536
31653364393937393763343364643463633030353632383732323466343165376332373765353038
63333937393435333837363465343431356330646237623235373130323466313836323065373063
34366231336262383265393166393164303038636136653133323130356631373264653331613130
32643262333837623862313139663161306236343932393034333135353135333431373165356538
61626434386131383466616262386235336364663933633331623835633632653465343335643630
61353934356434616238623136623463306562623461626262303863373931323130663966663366
37383835393130343132623064383735623737633064353033326664343434323465363161393439
34376666316434643763376139356437613930646239633166373162623238653939313363386566
64363561373535323935643037326235616263643337613931393864313834373237353736626465
62656435653465626163323337626532356339313039653533343637303762356439383262383536
33333962303739613739646333383635613663613965623839346564303538626665323135373836
30663365333633623234633563653637346330373461636161656464303536633635643364633765
38336237633739616630396136333334623462383939313165303839363966386663343361373438
36376366306462666161373861626333376331363133643562396163666339373663333038333331
35653763303061343039363734343463613531623032343062616137383266613161316230643832
38333864356632306335633163646431303236353639643633643330366661643537666437623065
66666235303261363135393334303462373234646338383836623462393535383236323966323366
61366366333365663134613433323735363563393936386133316564653138613534346437353238
39396365313737316631616139633739666232323233306531313138346561613766626439396330
36376331666635366266623763363330396330303636333161336233326234636163393935363832
39376166353435303162316234613330383631353230373831323634366361313934653534356437
39656661663338363764616232663139323662343763373832303134616566613466363862303361
64346331326362303438376637616166376562326666333462333238623330633863613766323931
34306533393465663661326631623336633365396131616161316134306665336435373365363861
62313866663162646230383165373261313466383937663934363630363933396331646437633463
63376335336336393066313365326434376163313865303531643935323732653630636464646431
32623265386432336632393033333530316261666465633539326337656564313634393437656532
30376537666462626465326338656237653366643133643161366535376535653835373262363036
61396137663036333266343437656565653938643063643362373363613930366464373464643764
64336635363362613638616232353063343938613663663631623733306463396339626336626335
33633038326636383265313537626537643466636132663436623832633764633865646666613266
61616536313230656630646338323130393032303031646234383264656134666363373961656566
64653233613061353466646134333133633963323538303731653264313361303162643365633032
32626431333430663463376538653530613336616638343334623533376461383337326163326564
37373231316132363665376163326465363939633264303030393363383666396365623964316130
6435
