$ANSIBLE_VAULT;1.1;AES256
61373561646265306131643238343039303965326133326435386237336465366163376130333265
6231646233383037373237356364333561383630616332630a386261633739306432663730343961
32353636323339323966643635306438666563306631306630623038303030666131303963636266
3232363166616237660a383839653430396436333066343834343762353237336432373966366264
36326563333433336139666361353633336666633931653836656266653231646161393062343737
36303132383639633837366231383833313537316166326234643237383239643637323431343663
65666661366632366333643337323839666139353462303234633236623464323731343334383139
36336462343534306333386339306433353735643463343430313163616132376562613939623132
66346435323239313365386463353566356566616263313063336465343933393135393566303737
34326630376561646364346637343935376362656130663865616437636338323338626130636162
35326431306630323332376233663266313365646136343430373339643636663338303665373464
66333030653063373335656630653836666665646332306133666232393562303165653232636462
66613265633130376435626638663231643466326537623061336639333165623036363966613965
66363361653932306536333163616663363661626161653936363465366665663534616431666437
62326635633164366534656134336464383436626334653465663862643839363465363763616234
61373662636565376365646661633965633235386562346238343061353836613930346335613730
65336166313263643331663030653336643830336235393435373138376561376635663233666530
37643537363561336663323661363135353736363430346231316261643934363736313739666438
33326161343336363431616563646132396339633631613464643832313533623263643864623762
37613166663936303333373065623561323465646437376362623736613130636239633432313666
65613633333331326138376162316435316437653662663262366231653063623732663737636331
33616331646336383466303661666237396337623833313064633134373733623839356266363436
30383836313131373730363633613230346563373237373964386333666261373662353335323964
61323133313031376230396663316631373466353866376330656463656537396334626632306662
66633834353166376631343634383137613337383239326365623934306362303434333238353330
63323433346530656435323965346164623363356664313933306337346536343663333439383464
64333239326566393639343238663339353062643030663230323936653234616532353863313836
36333230633934373363613039666236636235323265336663646330616237346437363631383064
66653435636331353031366633303537666663646532363330336366366234313238616565353536
61393837303139363433616534613562356438646330366133343462333964643233636261383034
34303234316366383563616166396430366231663131336135336639383461366662326634363037
63323139663265326561383134616565346162343462303664353431346337383535336164313062
64333833386235363434616632663930363366653831376364356538366134353939373732396337
61636666666263373966616637396362346561366637623434306534343137656138663132303864
35613364323765613863346661626136366338626537363033633031336161633037353161653736
36323061323334323465393766333066393766643861343165643739343563616438366362643635
31636463656330666465326131386537353566363739333766386237383262663163356562643063
37386464376232653637666437313561366337616539653164336432666430383563653238316630
32643962373635373838613139393735336361623634343333643066306331623532623962633765
39313663643539653339316230633565393735303663633732656261653534613162396333313133
32626435333332373361636533346463393832633539626134383232643231353532656564376238
38393364353764353437303935613639363239303361303237343937386263636435626533303339
32343330366539356164623838353764346563393530653039623238663562313465643037653764
35396564336538623437336231373733363764636133386562333137316464316362373239646130
39323733376130393635363736303238366362653834363938306435396436636463653934373266
62313461653133636430373433363366616531656431343536343332633963313538303366666139
63303533376333636662666666343639636465343530343534313931346430386639656335643930
30383365316231353731356531636134396130323338626633376162363134343936343265386438
36373562313236326561363562386539623839366437653137386437386265633035
