$ANSIBLE_VAULT;1.1;AES256
62366339663861346139356663616637393635656564393930623932303830386631643539373763
3664383438376164343337353339633330326663316531370a663131313665343337643962363663
66393532636661656437653766373036613362353334373339633932386434373437373237393466
3534396466306437630a376533636466373466633063366330323036656633636235646435643838
31353466346339383537646539306435666436623130383166656533303532626532396535343932
65323966656438616533316164333038303434653465343732663963633537316463663436313966
32363437646261343731316335636432303963353336303534393339353364313062393132326666
62626430363163333130646133356130383462366538346635383532383866636135313766386238
30633863383264656162303866656531376338646538316463343137323762356533376230636364
34373831333930663538373862626562643536643061656230326564613538393633663863326631
35353635383265643230303437393935613238333466653732363439373734643635633065656362
30386631383536313730323462343034323535636135363966363563353366376465386265366132
38366334646637636433306634636363333638373533633461626338616236356163666636656361
38386133376433633266613133633165363966613563313063616234613533613966623865316361
38363163656232333066363032646133623032333064616162666630366630656562653362376461
63363466613563396136383461626539356334346133643031653233366632336331373565396437
61313839376230366664376162303765393935393734616565656166616531336261
