$ANSIBLE_VAULT;1.1;AES256
65383062333363396435616463313932363733356238663231343438656531663063643139306332
3038343363396331666362323539346435393965396430320a376336323736633334376463376137
65366230646433666134653837333730316532653239303433636264366464386131663931356233
3062326533666134390a396362313963626135346461613263636532636433636434363562373537
35633438356139306565386635343532366131326237666534386330353636356533363166663331
30623735353063623066663937326233346537363338343330356265393032376430333565663962
30366461376362613939646665616661343230316165623333643835323934396630363337316536
38656337316563333461656630626166353630346336336461363965663834336631366631373636
63643163353263356339393565633834313039393235373430313265326134626631656665353861
65386461343236343366306431303537383336333136613964353137356465303336386534316165
33356132366266353862336434623165316365393630363532373461636264323330303433353865
33306233646337616664353861336438303230653830386333306634666230636161346234333062
64353135646534383762623639336636633738333335663236663634653832643035633336633030
35383236383637646336366130333133343937353638646334333265386263383234623733643337
61663937303934356137313362366335386236663661636564323531363264623366353537656262
35366464373437353838393232383932613734626334353162303362623364323036393637663330
30626238623234613661366164666563656230313363633431336632383864666331613765663132
62363661663032653739343734393761306233643564666263663432626130383463633331373462
39633733613136306431626539653233333866323761366334636462343131356135366233623734
64666361653934343065363535306337376262346538366138323136376265323866313662373138
35346162353364383533396339373939323637646136623433356536316664386531353938383863
65356161343464326531353365393962323738346335323238333732646234303165343364303037
37383834383538303136356136363930663235363132366439646339353638613137656161396632
32396435366333306564646434346665336666663733363330363735333463353035383634313365
61333837346133366138353933656361346632333865336165373638333164613234636466343434
30316630626236303062646332663935643433663762386665383936623538316539636236663265
65323264343337333433326534356537653230353537343661313762303235666232613265666164
34353235353131386232643461626437666136383132613137643336396637386366636631633833
37666238626635363232393235356537663637646461323330623433646562383236353237613366
34343833653961316530613562623730343035653437363061633432656233653538336335653735
383162646365373866383136396433646263
