$ANSIBLE_VAULT;1.1;AES256
31343737633365373664366634313435303262643234653333653737633466393666366461353032
3366346234313631386239393565623939636165386237320a326635353335653931316266393734
37653137383363613639333137623039653432386432306162303330383536666136626566613333
3738666564653966630a336662663562306666343430656463653632326333356137393537336337
66373935386533656330656132336263366333383635653834646139663963393861353031613764
37653130376636643761393266326239396434613836376233383136663635633835626665353536
31633238316631376531353463336232643732303232323439313639336261336361333633363964
39373934323533363734363837343732303466323734643130623366326336356262336163376566
33336233666130343234383036323735343461323265363863643432663734616336656262666337
61316236353366636637373761323563373435333365393732333830363561646237613137343134
66343766323436343932373766363139663632653565393039616336393564356530643231613435
36636464656539356364623038366135663266313930323765306165366235643838343564393832
36393237663636396535616634303638613430396439653462323766636636623863306561616435
34373635663637343636313535623462663039396436613039323036306436333463386235386531
39336531633831366662373365356530356630646432623534353466366631373131346566343061
65616638663365316566343831343462393162306438633866383733343732646665336532613635
64633539313430633136333138353263656433653133376265386430333638653632633964613939
64386533613466303465303838626530336435363638326639386330333232346536393961663139
35653932653234323664333163346337626433626338303534353164643932363735356630636637
62323039303736306461336433356133366262303037666366343331656339656364373835653739
64633733326533653834653932316430353332656633346632313339376232643438313537353961
61353238653939353836626664646236633237366563643730376661666264613832386332313363
31356433396432663731623462323938646338643865396335346131633432396165613638333338
35353466643133373634386464356162653937356563393266646331376139313337336339353162
33636434343338343164376433636564316262626530643930316461623262633632643135373662
31613666646435643463663233636463326139396232356533636161646262656431353935346131
61323833326364643731313562636532616261386632613439313762636137346332343335653263
66613661656266306331356335326537343363616539666135376661393161626235356265316537
39333833626166303765613862393537633363373636323431363931336464376433
